84
2 0 1
3 2 7 3
4 4 5 6 8
2 18 19
3 20 21 22
4 23 24 25 26
2 36 37
3 38 39 40
4 41 42 43 44
2 54 55
3 56 57 58
4 59 60 61 62
2 72 73
3 74 75 76
4 77 78 79 80
2 90 91
3 92 93 94
4 95 96 97 98
2 108 109
3 110 111 112
4 113 114 115 116
2 126 127
3 128 129 130
4 131 132 133 134
2 144 145
3 146 147 148
4 149 150 151 152
2 162 163
3 164 165 166
4 167 168 169 170
2 180 181
3 182 183 184
4 185 186 187 188
2 198 199
3 200 201 202
4 203 204 205 206
2 216 217
3 218 219 220
4 221 222 223 224
2 234 235
3 236 237 238
4 239 240 241 242
2 252 253
3 254 255 256
4 257 258 259 260
2 270 271
3 272 273 274
4 275 276 277 278
2 288 289
3 290 291 292
4 293 294 295 296
2 306 307
3 308 309 310
4 311 312 313 314
2 324 325
3 326 327 328
4 329 330 331 332
2 342 343
3 344 345 346
4 347 348 349 350
2 360 361
3 362 363 364
4 365 366 367 368
2 378 379
3 380 381 382
4 383 384 385 386
2 396 397
3 398 399 400
4 401 402 403 404
2 414 415
3 416 417 418
4 419 420 421 422
2 432 433
3 434 435 436
4 437 438 439 440
2 450 451
3 452 453 454
4 455 456 457 458
2 468 469
3 470 471 472
4 473 474 475 476
2 486 487
3 488 489 490
4 491 492 493 494