1599
2 7 59
3 9 44 6
4 11 18 3 49
2 32 62
3 58 82 56
4 24 65 60 20
2 132 4
3 22 37 34
4 40 30 87 103
2 27 76
3 70 83 137
4 124 78 147 69
2 61 94
3 145 1 81
4 146 174 128 89
2 115 123
3 208 5 19
4 118 136 197 213
2 111 206
3 93 152 64
4 157 168 172 198
2 221 234
3 251 257 66
4 74 121 144 183
2 106 119
3 156 179 204
4 207 217 229 245
2 289 296
3 328 98 182
4 210 236 263 278
2 226 307
3 370 50 105
4 107 158 181 203
2 90 112
3 129 138 154
4 162 169 175 227
2 249 275
3 300 301 302
4 371 393 407 421
2 215 269
3 273 279 297
4 304 332 333 335
2 230 274
3 288 342 349
4 396 403 15 79
2 222 232
3 254 256 260
4 262 268 280 293
2 444 446
3 464 35 52
4 104 140 212 220
2 346 348
3 354 356 361
4 362 365 373 404
2 558 666
3 92 99 102
4 116 155 167 237
2 285 286
3 298 299 303
4 306 308 310 311
2 331 334
3 337 340 343
4 347 352 357 358
2 402 406
3 408 413 415
4 417 418 419 428
2 459 462
3 465 473 496
4 498 513 514 522
2 579 584
3 586 589 594
4 597 600 622 635
2 706 714
3 717 723 820
4 73 125 205 223
2 271 309
3 317 320 322
4 329 330 338 339
2 368 375
3 379 380 381
4 382 386 387 388
2 416 420
3 422 423 425
4 426 429 430 437
2 455 457
3 458 460 463
4 466 467 468 469
2 480 481
3 482 483 484
4 485 486 487 488
2 500 501
3 502 503 504
4 505 506 507 508
2 520 524
3 525 526 527
4 528 529 533 534
2 546 547
3 548 549 550
4 551 552 553 554
2 569 570
3 571 572 573
4 574 576 577 578
2 592 593
3 595 596 598
4 599 601 602 603
2 613 614
3 615 616 617
4 618 619 620 621
2 632 633
3 634 636 637
4 638 639 640 641
2 657 658
3 659 660 661
4 662 663 664 665
2 676 677
3 678 679 680
4 681 682 683 685
2 697 698
3 699 700 701
4 702 703 704 705
2 718 719
3 720 721 722
4 724 725 726 727
2 737 738
3 739 740 741
4 742 743 744 745
2 755 756
3 757 758 759
4 760 761 762 763
2 773 774
3 775 776 777
4 778 779 780 781
2 791 792
3 793 794 795
4 796 797 798 799
2 809 810
3 811 812 813
4 814 815 816 817
2 828 829
3 830 831 832
4 833 834 835 836
2 846 847
3 848 849 850
4 851 852 853 854
2 864 865
3 866 867 868
4 869 870 871 872
2 882 883
3 884 885 886
4 887 888 889 890
2 900 901
3 902 903 904
4 905 906 907 908
2 918 919
3 920 921 922
4 923 924 925 926
2 936 937
3 938 939 940
4 941 942 943 944
2 954 955
3 956 957 958
4 959 960 961 962
2 972 973
3 974 975 976
4 977 978 979 980
2 990 991
3 992 993 994
4 995 996 997 998
2 1008 1009
3 1010 1011 1012
4 1013 1014 1015 1016
2 1026 1027
3 1028 1029 1030
4 1031 1032 1033 1034
2 1044 1045
3 1046 1047 1048
4 1049 1050 1051 1052
2 1062 1063
3 1064 1065 1066
4 1067 1068 1069 1070
2 1080 1081
3 1082 1083 1084
4 1085 1086 1087 1088
2 1098 1099
3 1100 1101 1102
4 1103 1104 1105 1106
2 1116 1117
3 1118 1119 1120
4 1121 1122 1123 1124
2 1134 1135
3 1136 1137 1138
4 1139 1140 1141 1142
2 1152 1153
3 1154 1155 1156
4 1157 1158 1159 1160
2 1170 1171
3 1172 1173 1174
4 1175 1176 1177 1178
2 1188 1189
3 1190 1191 1192
4 1193 1194 1195 1196
2 1206 1207
3 1208 1209 1210
4 1211 1212 1213 1214
2 1224 1225
3 1226 1227 1228
4 1229 1230 1231 1232
2 1242 1243
3 1244 1245 1246
4 1247 1248 1249 1250
2 1260 1261
3 1262 1263 1264
4 1265 1266 1267 1268
2 1278 1279
3 1280 1281 1282
4 1283 1284 1285 1286
2 1296 1297
3 1298 1299 1300
4 1301 1302 1303 1304
2 1314 1315
3 1316 1317 1318
4 1319 1320 1321 1322
2 1332 1333
3 1334 1335 1336
4 1337 1338 1339 1340
2 1350 1351
3 1352 1353 1354
4 1355 1356 1357 1358
2 1368 1369
3 1370 1371 1372
4 1373 1374 1375 1376
2 1386 1387
3 1388 1389 1390
4 1391 1392 1393 1394
2 1404 1405
3 1406 1407 1408
4 1409 1410 1411 1412
2 1422 1423
3 1424 1425 1426
4 1427 1428 1429 1430
2 1440 1441
3 1442 1443 1444
4 1445 1446 1447 1448
2 1458 1459
3 1460 1461 1462
4 1463 1464 1465 1466
2 1476 1477
3 1478 1479 1480
4 1481 1482 1483 1484
2 1494 1495
3 1496 1497 1498
4 1499 1500 1501 1502
2 1512 1513
3 1514 1515 1516
4 1517 1518 1519 1520
2 1530 1531
3 1532 1533 1534
4 1535 1536 1537 1538
2 1548 1549
3 1550 1551 1552
4 1553 1554 1555 1556
2 1566 1567
3 1568 1569 1570
4 1571 1572 1573 1574
2 1584 1585
3 1586 1587 1588
4 1589 1590 1591 1592
2 1602 1603
3 1604 1605 1606
4 1607 1608 1609 1610
2 1620 1621
3 1622 1623 1624
4 1625 1626 1627 1628
2 1638 1639
3 1640 1641 1642
4 1643 1644 1645 1646
2 1656 1657
3 1658 1659 1660
4 1661 1662 1663 1664
2 1674 1675
3 1676 1677 1678
4 1679 1680 1681 1682
2 1692 1693
3 1694 1695 1696
4 1697 1698 1699 1700
2 1710 1711
3 1712 1713 1714
4 1715 1716 1717 1718
2 1728 1729
3 1730 1731 1732
4 1733 1734 1735 1736
2 1746 1747
3 1748 1749 1750
4 1751 1752 1753 1754
2 1764 1765
3 1766 1767 1768
4 1769 1770 1771 1772
2 1782 1783
3 1784 1785 1786
4 1787 1788 1789 1790
2 1800 1801
3 1802 1803 1804
4 1805 1806 1807 1808
2 1818 1819
3 1820 1821 1822
4 1823 1824 1825 1826
2 1836 1837
3 1838 1839 1840
4 1841 1842 1843 1844
2 1854 1855
3 1856 1857 1858
4 1859 1860 1861 1862
2 1872 1873
3 1874 1875 1876
4 1877 1878 1879 1880
2 1890 1891
3 1892 1893 1894
4 1895 1896 1897 1898
2 1908 1909
3 1910 1911 1912
4 1913 1914 1915 1916
2 1926 1927
3 1928 1929 1930
4 1931 1932 1933 1934
2 1944 1945
3 1946 1947 1948
4 1949 1950 1951 1952
2 1962 1963
3 1964 1965 1966
4 1967 1968 1969 1970
2 1980 1981
3 1982 1983 1984
4 1985 1986 1987 1988
2 1998 1999
3 2000 2001 2002
4 2003 2004 2005 2006
2 2016 2017
3 2018 2019 2020
4 2021 2022 2023 2024
2 2034 2035
3 2036 2037 2038
4 2039 2040 2041 2042
2 2052 2053
3 2054 2055 2056
4 2057 2058 2059 2060
2 2070 2071
3 2072 2073 2074
4 2075 2076 2077 2078
2 2088 2089
3 2090 2091 2092
4 2093 2094 2095 2096
2 2106 2107
3 2108 2109 2110
4 2111 2112 2113 2114
2 2124 2125
3 2126 2127 2128
4 2129 2130 2131 2132
2 2142 2143
3 2144 2145 2146
4 2147 2148 2149 2150
2 2160 2161
3 2162 2163 2164
4 2165 2166 2167 2168
2 2178 2179
3 2180 2181 2182
4 2183 2184 2185 2186
2 2196 2197
3 2198 2199 2200
4 2201 2202 2203 2204
2 2214 2215
3 2216 2217 2218
4 2219 2220 2221 2222
2 2232 2233
3 2234 2235 2236
4 2237 2238 2239 2240
2 2250 2251
3 2252 2253 2254
4 2255 2256 2257 2258
2 2268 2269
3 2270 2271 2272
4 2273 2274 2275 2276
2 2286 2287
3 2288 2289 2290
4 2291 2292 2293 2294
2 2304 2305
3 2306 2307 2308
4 2309 2310 2311 2312
2 2322 2323
3 2324 2325 2326
4 2327 2328 2329 2330
2 2340 2341
3 2342 2343 2344
4 2345 2346 2347 2348
2 2358 2359
3 2360 2361 2362
4 2363 2364 2365 2366
2 2376 2377
3 2378 2379 2380
4 2381 2382 2383 2384
2 2394 2395
3 2396 2397 2398
4 2399 2400 2401 2402
2 2412 2413
3 2414 2415 2416
4 2417 2418 2419 2420
2 2430 2431
3 2432 2433 2434
4 2435 2436 2437 2438
2 2448 2449
3 2450 2451 2452
4 2453 2454 2455 2456
2 2466 2467
3 2468 2469 2470
4 2471 2472 2473 2474
2 2484 2485
3 2486 2487 2488
4 2489 2490 2491 2492
2 2502 2503
3 2504 2505 2506
4 2507 2508 2509 2510
2 2520 2521
3 2522 2523 2524
4 2525 2526 2527 2528
2 2538 2539
3 2540 2541 2542
4 2543 2544 2545 2546
2 2556 2557
3 2558 2559 2560
4 2561 2562 2563 2564
2 2574 2575
3 2576 2577 2578
4 2579 2580 2581 2582
2 2592 2593
3 2594 2595 2596
4 2597 2598 2599 2600
2 2610 2611
3 2612 2613 2614
4 2615 2616 2617 2618
2 2628 2629
3 2630 2631 2632
4 2633 2634 2635 2636
2 2646 2647
3 2648 2649 2650
4 2651 2652 2653 2654
2 2664 2665
3 2666 2667 2668
4 2669 2670 2671 2672
2 2682 2683
3 2684 2685 2686
4 2687 2688 2689 2690
2 2700 2701
3 2702 2703 2704
4 2705 2706 2707 2708
2 2718 2719
3 2720 2721 2722
4 2723 2724 2725 2726
2 2736 2737
3 2738 2739 2740
4 2741 2742 2743 2744
2 2754 2755
3 2756 2757 2758
4 2759 2760 2761 2762
2 2772 2773
3 2774 2775 2776
4 2777 2778 2779 2780
2 2790 2791
3 2792 2793 2794
4 2795 2796 2797 2798
2 2808 2809
3 2810 2811 2812
4 2813 2814 2815 2816
2 2826 2827
3 2828 2829 2830
4 2831 2832 2833 2834
2 2844 2845
3 2846 2847 2848
4 2849 2850 2851 2852
2 2862 2863
3 2864 2865 2866
4 2867 2868 2869 2870
2 2880 2881
3 2882 2883 2884
4 2885 2886 2887 2888
2 2898 2899
3 2900 2901 2902
4 2903 2904 2905 2906
2 2916 2917
3 2918 2919 2920
4 2921 2922 2923 2924
2 2934 2935
3 2936 2937 2938
4 2939 2940 2941 2942
2 2952 2953
3 2954 2955 2956
4 2957 2958 2959 2960
2 2970 2971
3 2972 2973 2974
4 2975 2976 2977 2978
2 2988 2989
3 2990 2991 2992
4 2993 2994 2995 2996
2 3006 3007
3 3008 3009 3010
4 3011 3012 3013 3014
2 3024 3025
3 3026 3027 3028
4 3029 3030 3031 3032
2 3042 3043
3 3044 3045 3046
4 3047 3048 3049 3050
2 3060 3061
3 3062 3063 3064
4 3065 3066 3067 3068
2 3078 3079
3 3080 3081 3082
4 3083 3084 3085 3086
2 3096 3097
3 3098 3099 3100
4 3101 3102 3103 3104
2 3114 3115
3 3116 3117 3118
4 3119 3120 3121 3122
2 3132 3133
3 3134 3135 3136
4 3137 3138 3139 3140
2 3150 3151
3 3152 3153 3154
4 3155 3156 3157 3158
2 3168 3169
3 3170 3171 3172
4 3173 3174 3175 3176
2 3186 3187
3 3188 3189 3190
4 3191 3192 3193 3194
2 3204 3205
3 3206 3207 3208
4 3209 3210 3211 3212
2 3222 3223
3 3224 3225 3226
4 3227 3228 3229 3230
2 3240 3241
3 3242 3243 3244
4 3245 3246 3247 3248
2 3258 3259
3 3260 3261 3262
4 3263 3264 3265 3266
2 3276 3277
3 3278 3279 3280
4 3281 3282 3283 3284
2 3294 3295
3 3296 3297 3298
4 3299 3300 3301 3302
2 3312 3313
3 3314 3315 3316
4 3317 3318 3319 3320
2 3330 3331
3 3332 3333 3334
4 3335 3336 3337 3338
2 3348 3349
3 3350 3351 3352
4 3353 3354 3355 3356
2 3366 3367
3 3368 3369 3370
4 3371 3372 3373 3374
2 3384 3385
3 3386 3387 3388
4 3389 3390 3391 3392
2 3402 3403
3 3404 3405 3406
4 3407 3408 3409 3410
2 3420 3421
3 3422 3423 3424
4 3425 3426 3427 3428
2 3438 3439
3 3440 3441 3442
4 3443 3444 3445 3446
2 3456 3457
3 3458 3459 3460
4 3461 3462 3463 3464
2 3474 3475
3 3476 3477 3478
4 3479 3480 3481 3482
2 3492 3493
3 3494 3495 3496
4 3497 3498 3499 3500
2 3510 3511
3 3512 3513 3514
4 3515 3516 3517 3518
2 3528 3529
3 3530 3531 3532
4 3533 3534 3535 3536
2 3546 3547
3 3548 3549 3550
4 3551 3552 3553 3554
2 3564 3565
3 3566 3567 3568
4 3569 3570 3571 3572
2 3582 3583
3 3584 3585 3586
4 3587 3588 3589 3590
2 3600 3601
3 3602 3603 3604
4 3605 3606 3607 3608
2 3618 3619
3 3620 3621 3622
4 3623 3624 3625 3626
2 3636 3637
3 3638 3639 3640
4 3641 3642 3643 3644
2 3654 3655
3 3656 3657 3658
4 3659 3660 3661 3662
2 3672 3673
3 3674 3675 3676
4 3677 3678 3679 3680
2 3690 3691
3 3692 3693 3694
4 3695 3696 3697 3698
2 3708 3709
3 3710 3711 3712
4 3713 3714 3715 3716
2 3726 3727
3 3728 3729 3730
4 3731 3732 3733 3734
2 3744 3745
3 3746 3747 3748
4 3749 3750 3751 3752
2 3762 3763
3 3764 3765 3766
4 3767 3768 3769 3770
2 3780 3781
3 3782 3783 3784
4 3785 3786 3787 3788
2 3798 3799
3 3800 3801 3802
4 3803 3804 3805 3806
2 3816 3817
3 3818 3819 3820
4 3821 3822 3823 3824
2 3834 3835
3 3836 3837 3838
4 3839 3840 3841 3842
2 3852 3853
3 3854 3855 3856
4 3857 3858 3859 3860
2 3870 3871
3 3872 3873 3874
4 3875 3876 3877 3878
2 3888 3889
3 3890 3891 3892
4 3893 3894 3895 3896
2 3906 3907
3 3908 3909 3910
4 3911 3912 3913 3914
2 3924 3925
3 3926 3927 3928
4 3929 3930 3931 3932
2 3942 3943
3 3944 3945 3946
4 3947 3948 3949 3950
2 3960 3961
3 3962 3963 3964
4 3965 3966 3967 3968
2 3978 3979
3 3980 3981 3982
4 3983 3984 3985 3986
2 3996 3997
3 3998 3999 4000
4 4001 4002 4003 4004
2 4014 4015
3 4016 4017 4018
4 4019 4020 4021 4022
2 4032 4033
3 4034 4035 4036
4 4037 4038 4039 4040
2 4050 4051
3 4052 4053 4054
4 4055 4056 4057 4058
2 4068 4069
3 4070 4071 4072
4 4073 4074 4075 4076
2 4086 4087
3 4088 4089 4090
4 4091 4092 4093 4094
2 4104 4105
3 4106 4107 4108
4 4109 4110 4111 4112
2 4122 4123
3 4124 4125 4126
4 4127 4128 4129 4130
2 4140 4141
3 4142 4143 4144
4 4145 4146 4147 4148
2 4158 4159
3 4160 4161 4162
4 4163 4164 4165 4166
2 4176 4177
3 4178 4179 4180
4 4181 4182 4183 4184
2 4194 4195
3 4196 4197 4198
4 4199 4200 4201 4202
2 4212 4213
3 4214 4215 4216
4 4217 4218 4219 4220
2 4230 4231
3 4232 4233 4234
4 4235 4236 4237 4238
2 4248 4249
3 4250 4251 4252
4 4253 4254 4255 4256
2 4266 4267
3 4268 4269 4270
4 4271 4272 4273 4274
2 4284 4285
3 4286 4287 4288
4 4289 4290 4291 4292
2 4302 4303
3 4304 4305 4306
4 4307 4308 4309 4310
2 4320 4321
3 4322 4323 4324
4 4325 4326 4327 4328
2 4338 4339
3 4340 4341 4342
4 4343 4344 4345 4346
2 4356 4357
3 4358 4359 4360
4 4361 4362 4363 4364
2 4374 4375
3 4376 4377 4378
4 4379 4380 4381 4382
2 4392 4393
3 4394 4395 4396
4 4397 4398 4399 4400
2 4410 4411
3 4412 4413 4414
4 4415 4416 4417 4418
2 4428 4429
3 4430 4431 4432
4 4433 4434 4435 4436
2 4446 4447
3 4448 4449 4450
4 4451 4452 4453 4454
2 4464 4465
3 4466 4467 4468
4 4469 4470 4471 4472
2 4482 4483
3 4484 4485 4486
4 4487 4488 4489 4490
2 4500 4501
3 4502 4503 4504
4 4505 4506 4507 4508
2 4518 4519
3 4520 4521 4522
4 4523 4524 4525 4526
2 4536 4537
3 4538 4539 4540
4 4541 4542 4543 4544
2 4554 4555
3 4556 4557 4558
4 4559 4560 4561 4562
2 4572 4573
3 4574 4575 4576
4 4577 4578 4579 4580
2 4590 4591
3 4592 4593 4594
4 4595 4596 4597 4598
2 4608 4609
3 4610 4611 4612
4 4613 4614 4615 4616
2 4626 4627
3 4628 4629 4630
4 4631 4632 4633 4634
2 4644 4645
3 4646 4647 4648
4 4649 4650 4651 4652
2 4662 4663
3 4664 4665 4666
4 4667 4668 4669 4670
2 4680 4681
3 4682 4683 4684
4 4685 4686 4687 4688
2 4698 4699
3 4700 4701 4702
4 4703 4704 4705 4706
2 4716 4717
3 4718 4719 4720
4 4721 4722 4723 4724
2 4734 4735
3 4736 4737 4738
4 4739 4740 4741 4742
2 4752 4753
3 4754 4755 4756
4 4757 4758 4759 4760
2 4770 4771
3 4772 4773 4774
4 4775 4776 4777 4778
2 4788 4789
3 4790 4791 4792
4 4793 4794 4795 4796
2 4806 4807
3 4808 4809 4810
4 4811 4812 4813 4814
2 4824 4825
3 4826 4827 4828
4 4829 4830 4831 4832
2 4842 4843
3 4844 4845 4846
4 4847 4848 4849 4850
2 4860 4861
3 4862 4863 4864
4 4865 4866 4867 4868
2 4878 4879
3 4880 4881 4882
4 4883 4884 4885 4886
2 4896 4897
3 4898 4899 4900
4 4901 4902 4903 4904
2 4914 4915
3 4916 4917 4918
4 4919 4920 4921 4922
2 4932 4933
3 4934 4935 4936
4 4937 4938 4939 4940
2 4950 4951
3 4952 4953 4954
4 4955 4956 4957 4958
2 4968 4969
3 4970 4971 4972
4 4973 4974 4975 4976
2 4986 4987
3 4988 4989 4990
4 4991 4992 4993 4994
2 5004 5005
3 5006 5007 5008
4 5009 5010 5011 5012
2 5022 5023
3 5024 5025 5026
4 5027 5028 5029 5030
2 5040 5041
3 5042 5043 5044
4 5045 5046 5047 5048
2 5058 5059
3 5060 5061 5062
4 5063 5064 5065 5066
2 5076 5077
3 5078 5079 5080
4 5081 5082 5083 5084
2 5094 5095
3 5096 5097 5098
4 5099 5100 5101 5102
2 5112 5113
3 5114 5115 5116
4 5117 5118 5119 5120
2 5130 5131
3 5132 5133 5134
4 5135 5136 5137 5138
2 5148 5149
3 5150 5151 5152
4 5153 5154 5155 5156
2 5166 5167
3 5168 5169 5170
4 5171 5172 5173 5174
2 5184 5185
3 5186 5187 5188
4 5189 5190 5191 5192
2 5202 5203
3 5204 5205 5206
4 5207 5208 5209 5210
2 5220 5221
3 5222 5223 5224
4 5225 5226 5227 5228
2 5238 5239
3 5240 5241 5242
4 5243 5244 5245 5246
2 5256 5257
3 5258 5259 5260
4 5261 5262 5263 5264
2 5274 5275
3 5276 5277 5278
4 5279 5280 5281 5282
2 5292 5293
3 5294 5295 5296
4 5297 5298 5299 5300
2 5310 5311
3 5312 5313 5314
4 5315 5316 5317 5318
2 5328 5329
3 5330 5331 5332
4 5333 5334 5335 5336
2 5346 5347
3 5348 5349 5350
4 5351 5352 5353 5354
2 5364 5365
3 5366 5367 5368
4 5369 5370 5371 5372
2 5382 5383
3 5384 5385 5386
4 5387 5388 5389 5390
2 5400 5401
3 5402 5403 5404
4 5405 5406 5407 5408
2 5418 5419
3 5420 5421 5422
4 5423 5424 5425 5426
2 5436 5437
3 5438 5439 5440
4 5441 5442 5443 5444
2 5454 5455
3 5456 5457 5458
4 5459 5460 5461 5462
2 5472 5473
3 5474 5475 5476
4 5477 5478 5479 5480
2 5490 5491
3 5492 5493 5494
4 5495 5496 5497 5498
2 5508 5509
3 5510 5511 5512
4 5513 5514 5515 5516
2 5526 5527
3 5528 5529 5530
4 5531 5532 5533 5534
2 5544 5545
3 5546 5547 5548
4 5549 5550 5551 5552
2 5562 5563
3 5564 5565 5566
4 5567 5568 5569 5570
2 5580 5581
3 5582 5583 5584
4 5585 5586 5587 5588
2 5598 5599
3 5600 5601 5602
4 5603 5604 5605 5606
2 5616 5617
3 5618 5619 5620
4 5621 5622 5623 5624
2 5634 5635
3 5636 5637 5638
4 5639 5640 5641 5642
2 5652 5653
3 5654 5655 5656
4 5657 5658 5659 5660
2 5670 5671
3 5672 5673 5674
4 5675 5676 5677 5678
2 5688 5689
3 5690 5691 5692
4 5693 5694 5695 5696
2 5706 5707
3 5708 5709 5710
4 5711 5712 5713 5714
2 5724 5725
3 5726 5727 5728
4 5729 5730 5731 5732
2 5742 5743
3 5744 5745 5746
4 5747 5748 5749 5750
2 5760 5761
3 5762 5763 5764
4 5765 5766 5767 5768
2 5778 5779
3 5780 5781 5782
4 5783 5784 5785 5786
2 5796 5797
3 5798 5799 5800
4 5801 5802 5803 5804
2 5814 5815
3 5816 5817 5818
4 5819 5820 5821 5822
2 5832 5833
3 5834 5835 5836
4 5837 5838 5839 5840
2 5850 5851
3 5852 5853 5854
4 5855 5856 5857 5858
2 5868 5869
3 5870 5871 5872
4 5873 5874 5875 5876
2 5886 5887
3 5888 5889 5890
4 5891 5892 5893 5894
2 5904 5905
3 5906 5907 5908
4 5909 5910 5911 5912
2 5922 5923
3 5924 5925 5926
4 5927 5928 5929 5930
2 5940 5941
3 5942 5943 5944
4 5945 5946 5947 5948
2 5958 5959
3 5960 5961 5962
4 5963 5964 5965 5966
2 5976 5977
3 5978 5979 5980
4 5981 5982 5983 5984
2 5994 5995
3 5996 5997 5998
4 5999 6000 6001 6002
2 6012 6013
3 6014 6015 6016
4 6017 6018 6019 6020
2 6030 6031
3 6032 6033 6034
4 6035 6036 6037 6038
2 6048 6049
3 6050 6051 6052
4 6053 6054 6055 6056
2 6066 6067
3 6068 6069 6070
4 6071 6072 6073 6074
2 6084 6085
3 6086 6087 6088
4 6089 6090 6091 6092
2 6102 6103
3 6104 6105 6106
4 6107 6108 6109 6110
2 6120 6121
3 6122 6123 6124
4 6125 6126 6127 6128
2 6138 6139
3 6140 6141 6142
4 6143 6144 6145 6146
2 6156 6157
3 6158 6159 6160
4 6161 6162 6163 6164
2 6174 6175
3 6176 6177 6178
4 6179 6180 6181 6182
2 6192 6193
3 6194 6195 6196
4 6197 6198 6199 6200
2 6210 6211
3 6212 6213 6214
4 6215 6216 6217 6218
2 6228 6229
3 6230 6231 6232
4 6233 6234 6235 6236
2 6246 6247
3 6248 6249 6250
4 6251 6252 6253 6254
2 6264 6265
3 6266 6267 6268
4 6269 6270 6271 6272
2 6282 6283
3 6284 6285 6286
4 6287 6288 6289 6290
2 6300 6301
3 6302 6303 6304
4 6305 6306 6307 6308
2 6318 6319
3 6320 6321 6322
4 6323 6324 6325 6326
2 6336 6337
3 6338 6339 6340
4 6341 6342 6343 6344
2 6354 6355
3 6356 6357 6358
4 6359 6360 6361 6362
2 6372 6373
3 6374 6375 6376
4 6377 6378 6379 6380
2 6390 6391
3 6392 6393 6394
4 6395 6396 6397 6398
2 6408 6409
3 6410 6411 6412
4 6413 6414 6415 6416
2 6426 6427
3 6428 6429 6430
4 6431 6432 6433 6434
2 6444 6445
3 6446 6447 6448
4 6449 6450 6451 6452
2 6462 6463
3 6464 6465 6466
4 6467 6468 6469 6470
2 6480 6481
3 6482 6483 6484
4 6485 6486 6487 6488
2 6498 6499
3 6500 6501 6502
4 6503 6504 6505 6506
2 6516 6517
3 6518 6519 6520
4 6521 6522 6523 6524
2 6534 6535
3 6536 6537 6538
4 6539 6540 6541 6542
2 6552 6553
3 6554 6555 6556
4 6557 6558 6559 6560
2 6570 6571
3 6572 6573 6574
4 6575 6576 6577 6578
2 6588 6589
3 6590 6591 6592
4 6593 6594 6595 6596
2 6606 6607
3 6608 6609 6610
4 6611 6612 6613 6614
2 6624 6625
3 6626 6627 6628
4 6629 6630 6631 6632
2 6642 6643
3 6644 6645 6646
4 6647 6648 6649 6650
2 6660 6661
3 6662 6663 6664
4 6665 6666 6667 6668
2 6678 6679
3 6680 6681 6682
4 6683 6684 6685 6686
2 6696 6697
3 6698 6699 6700
4 6701 6702 6703 6704
2 6714 6715
3 6716 6717 6718
4 6719 6720 6721 6722
2 6732 6733
3 6734 6735 6736
4 6737 6738 6739 6740
2 6750 6751
3 6752 6753 6754
4 6755 6756 6757 6758
2 6768 6769
3 6770 6771 6772
4 6773 6774 6775 6776
2 6786 6787
3 6788 6789 6790
4 6791 6792 6793 6794
2 6804 6805
3 6806 6807 6808
4 6809 6810 6811 6812
2 6822 6823
3 6824 6825 6826
4 6827 6828 6829 6830
2 6840 6841
3 6842 6843 6844
4 6845 6846 6847 6848
2 6858 6859
3 6860 6861 6862
4 6863 6864 6865 6866
2 6876 6877
3 6878 6879 6880
4 6881 6882 6883 6884
2 6894 6895
3 6896 6897 6898
4 6899 6900 6901 6902
2 6912 6913
3 6914 6915 6916
4 6917 6918 6919 6920
2 6930 6931
3 6932 6933 6934
4 6935 6936 6937 6938
2 6948 6949
3 6950 6951 6952
4 6953 6954 6955 6956
2 6966 6967
3 6968 6969 6970
4 6971 6972 6973 6974
2 6984 6985
3 6986 6987 6988
4 6989 6990 6991 6992
2 7002 7003
3 7004 7005 7006
4 7007 7008 7009 7010
2 7020 7021
3 7022 7023 7024
4 7025 7026 7027 7028
2 7038 7039
3 7040 7041 7042
4 7043 7044 7045 7046
2 7056 7057
3 7058 7059 7060
4 7061 7062 7063 7064
2 7074 7075
3 7076 7077 7078
4 7079 7080 7081 7082
2 7092 7093
3 7094 7095 7096
4 7097 7098 7099 7100
2 7110 7111
3 7112 7113 7114
4 7115 7116 7117 7118
2 7128 7129
3 7130 7131 7132
4 7133 7134 7135 7136
2 7146 7147
3 7148 7149 7150
4 7151 7152 7153 7154
2 7164 7165
3 7166 7167 7168
4 7169 7170 7171 7172
2 7182 7183
3 7184 7185 7186
4 7187 7188 7189 7190
2 7200 7201
3 7202 7203 7204
4 7205 7206 7207 7208
2 7218 7219
3 7220 7221 7222
4 7223 7224 7225 7226
2 7236 7237
3 7238 7239 7240
4 7241 7242 7243 7244
2 7254 7255
3 7256 7257 7258
4 7259 7260 7261 7262
2 7272 7273
3 7274 7275 7276
4 7277 7278 7279 7280
2 7290 7291
3 7292 7293 7294
4 7295 7296 7297 7298
2 7308 7309
3 7310 7311 7312
4 7313 7314 7315 7316
2 7326 7327
3 7328 7329 7330
4 7331 7332 7333 7334
2 7344 7345
3 7346 7347 7348
4 7349 7350 7351 7352
2 7362 7363
3 7364 7365 7366
4 7367 7368 7369 7370
2 7380 7381
3 7382 7383 7384
4 7385 7386 7387 7388
2 7398 7399
3 7400 7401 7402
4 7403 7404 7405 7406
2 7416 7417
3 7418 7419 7420
4 7421 7422 7423 7424
2 7434 7435
3 7436 7437 7438
4 7439 7440 7441 7442
2 7452 7453
3 7454 7455 7456
4 7457 7458 7459 7460
2 7470 7471
3 7472 7473 7474
4 7475 7476 7477 7478
2 7488 7489
3 7490 7491 7492
4 7493 7494 7495 7496
2 7506 7507
3 7508 7509 7510
4 7511 7512 7513 7514
2 7524 7525
3 7526 7527 7528
4 7529 7530 7531 7532
2 7542 7543
3 7544 7545 7546
4 7547 7548 7549 7550
2 7560 7561
3 7562 7563 7564
4 7565 7566 7567 7568
2 7578 7579
3 7580 7581 7582
4 7583 7584 7585 7586
2 7596 7597
3 7598 7599 7600
4 7601 7602 7603 7604
2 7614 7615
3 7616 7617 7618
4 7619 7620 7621 7622
2 7632 7633
3 7634 7635 7636
4 7637 7638 7639 7640
2 7650 7651
3 7652 7653 7654
4 7655 7656 7657 7658
2 7668 7669
3 7670 7671 7672
4 7673 7674 7675 7676
2 7686 7687
3 7688 7689 7690
4 7691 7692 7693 7694
2 7704 7705
3 7706 7707 7708
4 7709 7710 7711 7712
2 7722 7723
3 7724 7725 7726
4 7727 7728 7729 7730
2 7740 7741
3 7742 7743 7744
4 7745 7746 7747 7748
2 7758 7759
3 7760 7761 7762
4 7763 7764 7765 7766
2 7776 7777
3 7778 7779 7780
4 7781 7782 7783 7784
2 7794 7795
3 7796 7797 7798
4 7799 7800 7801 7802
2 7812 7813
3 7814 7815 7816
4 7817 7818 7819 7820
2 7830 7831
3 7832 7833 7834
4 7835 7836 7837 7838
2 7848 7849
3 7850 7851 7852
4 7853 7854 7855 7856
2 7866 7867
3 7868 7869 7870
4 7871 7872 7873 7874
2 7884 7885
3 7886 7887 7888
4 7889 7890 7891 7892
2 7902 7903
3 7904 7905 7906
4 7907 7908 7909 7910
2 7920 7921
3 7922 7923 7924
4 7925 7926 7927 7928
2 7938 7939
3 7940 7941 7942
4 7943 7944 7945 7946
2 7956 7957
3 7958 7959 7960
4 7961 7962 7963 7964
2 7974 7975
3 7976 7977 7978
4 7979 7980 7981 7982
2 7992 7993
3 7994 7995 7996
4 7997 7998 7999 8000
2 8010 8011
3 8012 8013 8014
4 8015 8016 8017 8018
2 8028 8029
3 8030 8031 8032
4 8033 8034 8035 8036
2 8046 8047
3 8048 8049 8050
4 8051 8052 8053 8054
2 8064 8065
3 8066 8067 8068
4 8069 8070 8071 8072
2 8082 8083
3 8084 8085 8086
4 8087 8088 8089 8090
2 8100 8101
3 8102 8103 8104
4 8105 8106 8107 8108
2 8118 8119
3 8120 8121 8122
4 8123 8124 8125 8126
2 8136 8137
3 8138 8139 8140
4 8141 8142 8143 8144
2 8154 8155
3 8156 8157 8158
4 8159 8160 8161 8162
2 8172 8173
3 8174 8175 8176
4 8177 8178 8179 8180
2 8190 8191
3 8192 8193 8194
4 8195 8196 8197 8198
2 8208 8209
3 8210 8211 8212
4 8213 8214 8215 8216
2 8226 8227
3 8228 8229 8230
4 8231 8232 8233 8234
2 8244 8245
3 8246 8247 8248
4 8249 8250 8251 8252
2 8262 8263
3 8264 8265 8266
4 8267 8268 8269 8270
2 8280 8281
3 8282 8283 8284
4 8285 8286 8287 8288
2 8298 8299
3 8300 8301 8302
4 8303 8304 8305 8306
2 8316 8317
3 8318 8319 8320
4 8321 8322 8323 8324
2 8334 8335
3 8336 8337 8338
4 8339 8340 8341 8342
2 8352 8353
3 8354 8355 8356
4 8357 8358 8359 8360
2 8370 8371
3 8372 8373 8374
4 8375 8376 8377 8378
2 8388 8389
3 8390 8391 8392
4 8393 8394 8395 8396
2 8406 8407
3 8408 8409 8410
4 8411 8412 8413 8414
2 8424 8425
3 8426 8427 8428
4 8429 8430 8431 8432
2 8442 8443
3 8444 8445 8446
4 8447 8448 8449 8450
2 8460 8461
3 8462 8463 8464
4 8465 8466 8467 8468
2 8478 8479
3 8480 8481 8482
4 8483 8484 8485 8486
2 8496 8497
3 8498 8499 8500
4 8501 8502 8503 8504
2 8514 8515
3 8516 8517 8518
4 8519 8520 8521 8522
2 8532 8533
3 8534 8535 8536
4 8537 8538 8539 8540
2 8550 8551
3 8552 8553 8554
4 8555 8556 8557 8558
2 8568 8569
3 8570 8571 8572
4 8573 8574 8575 8576
2 8586 8587
3 8588 8589 8590
4 8591 8592 8593 8594
2 8604 8605
3 8606 8607 8608
4 8609 8610 8611 8612
2 8622 8623
3 8624 8625 8626
4 8627 8628 8629 8630
2 8640 8641
3 8642 8643 8644
4 8645 8646 8647 8648
2 8658 8659
3 8660 8661 8662
4 8663 8664 8665 8666
2 8676 8677
3 8678 8679 8680
4 8681 8682 8683 8684
2 8694 8695
3 8696 8697 8698
4 8699 8700 8701 8702
2 8712 8713
3 8714 8715 8716
4 8717 8718 8719 8720
2 8730 8731
3 8732 8733 8734
4 8735 8736 8737 8738
2 8748 8749
3 8750 8751 8752
4 8753 8754 8755 8756
2 8766 8767
3 8768 8769 8770
4 8771 8772 8773 8774
2 8784 8785
3 8786 8787 8788
4 8789 8790 8791 8792
2 8802 8803
3 8804 8805 8806
4 8807 8808 8809 8810
2 8820 8821
3 8822 8823 8824
4 8825 8826 8827 8828
2 8838 8839
3 8840 8841 8842
4 8843 8844 8845 8846
2 8856 8857
3 8858 8859 8860
4 8861 8862 8863 8864
2 8874 8875
3 8876 8877 8878
4 8879 8880 8881 8882
2 8892 8893
3 8894 8895 8896
4 8897 8898 8899 8900
2 8910 8911
3 8912 8913 8914
4 8915 8916 8917 8918
2 8928 8929
3 8930 8931 8932
4 8933 8934 8935 8936
2 8946 8947
3 8948 8949 8950
4 8951 8952 8953 8954
2 8964 8965
3 8966 8967 8968
4 8969 8970 8971 8972
2 8982 8983
3 8984 8985 8986
4 8987 8988 8989 8990
2 9000 9001
3 9002 9003 9004
4 9005 9006 9007 9008
2 9018 9019
3 9020 9021 9022
4 9023 9024 9025 9026
2 9036 9037
3 9038 9039 9040
4 9041 9042 9043 9044
2 9054 9055
3 9056 9057 9058
4 9059 9060 9061 9062
3 9074 9075 9076
4 9077 9078 9079 9080
3 9092 9093 9094
4 9095 9096 9097 9098
3 9110 9111 9112
4 9113 9114 9115 9116
3 9128 9129 9130
4 9131 9132 9133 9134
3 9146 9147 9148
4 9149 9150 9151 9152
3 9164 9165 9166
4 9167 9168 9169 9170
3 9182 9183 9184
4 9185 9186 9187 9188
3 9200 9201 9202
4 9203 9204 9205 9206
3 9218 9219 9220
4 9221 9222 9223 9224
3 9236 9237 9238
4 9239 9240 9241 9242
3 9254 9255 9256
4 9257 9258 9259 9260
3 9272 9273 9274
4 9275 9276 9277 9278
3 9290 9291 9292
4 9293 9294 9295 9296
3 9308 9309 9310
4 9311 9312 9313 9314
3 9326 9327 9328
4 9329 9330 9331 9332
3 9344 9345 9346
4 9347 9348 9349 9350
3 9362 9363 9364
4 9365 9366 9367 9368
3 9380 9381 9382
4 9383 9384 9385 9386
3 9398 9399 9400
4 9401 9402 9403 9404
3 9416 9417 9418
4 9419 9420 9421 9422
3 9434 9435 9436
4 9437 9438 9439 9440
3 9452 9453 9454
4 9455 9456 9457 9458
3 9470 9471 9472
4 9473 9474 9475 9476
3 9488 9489 9490
4 9491 9492 9493 9494
3 9506 9507 9508
4 9509 9510 9511 9512
3 9524 9525 9526
4 9527 9528 9529 9530
3 9542 9543 9544
4 9545 9546 9547 9548
3 9560 9561 9562
4 9563 9564 9565 9566
3 9578 9579 9580
4 9581 9582 9583 9584
3 9596 9597 9598
4 9599 9600 9601 9602
3 9614 9615 9616
4 9617 9618 9619 9620
3 9632 9633 9634
4 9635 9636 9637 9638
3 9650 9651 9652
4 9653 9654 9655 9656
3 9668 9669 9670
4 9671 9672 9673 9674
3 9686 9687 9688
4 9689 9690 9691 9692
4 9707 9708 9709 9710
4 9725 9726 9727 9728
4 9743 9744 9745 9746
4 9761 9762 9763 9764
4 9779 9780 9781 9782
4 9797 9798 9799 9800
4 9815 9816 9817 9818
4 9833 9834 9835 9836
4 9851 9852 9853 9854
4 9869 9870 9871 9872
4 9887 9888 9889 9890
4 9905 9906 9907 9908
4 9923 9924 9925 9926
4 9941 9942 9943 9944
4 9959 9960 9961 9962
4 9977 9978 9979 9980
4 9995 9996 9997 9998